Latitude: 41.654797
Longitude: -0.8748951