Latitude: 41.654804
Longitude: -0.8748964