Latitude: 41.6547949
Longitude: -0.8748996