Latitude: 41.6547944
Longitude: -0.8749013