Latitude: 41.6548031
Longitude: -0.8749066