Latitude: 41.6547924
Longitude: -0.8749095