Latitude: 41.6547989
Longitude: -0.8748986